stitching:
  radius: 3360000
  rotation: 0
  scalewidth: 1831
  crop: 1
cameras:
  # camera order matters!
  sensor_0:
    width: 752
    height: 480
    D: -0.336591 0.159742 0.00012697 -7.22557e-05 -0.0461953
    # K = fx   0    cx
    #     0    fy   cy
    #     0    0    1
    K: >
      476.71 0 350.738
      0 479.505 209.532
      0 0 1
    R: >
      0.999994 0.000654539 0.00340293
      -0.000654519 1 -6.81963e-06
      -0.00340293 4.59231e-06 0.999994
    T: -0.0104242 -3.70974 -56.9177
  sensor_1:
    width: 752
    height: 480
    D: -0.335073 0.151959 -0.000232061 0.00032014 -0.0396825
    K: >
      483.254 0 365.33
      0 485.78 210.953
      0 0 1
    R: >
      0.305706 -0.00895443 -0.952084
      0.0110396 0.999922 -0.00585963
      0.952062 -0.0087193 0.305781
    T: 0.93957 -4.05131 -52.03
  sensor_2:
    width: 752
    height: 480
    D: -0.338469 0.156256 -0.000385467 0.000295485 -0.0401965
    K: >
      483.911 0 355.144
      0 486.466 223.026
      0 0 1
    R: >
      -0.806828 0.0136361 -0.590629
      0.00870468 0.999899 0.011194
      0.590723 0.00389039 -0.806865
    T: -0.25753 -6.54978 -47.7311
  sensor_3:
    width: 752
    height: 480
    D: -0.330848 0.14747 8.59247e-05 0.000262599 -0.0385311
    K: >
      475.807 0 339.53
      0 478.371 188.481
      0 0 1
    R: >
      -0.811334 0.0033829 0.584574
      0.00046071 0.999987 -0.00514746
      -0.584583 -0.00390699 -0.811324
    T: 2.72207 -6.82928 -45.9778
  sensor_4:
    width: 752
    height: 480
    D: -0.34064 0.168338 0.000147292 0.000229372 -0.0516133
    K: >
      485.046 0 368.864
      0 488.185 208.215
      0 0 1
    R: >
      0.310275 0.00160497 0.950645
      -0.00648686 0.999979 0.000428942
      -0.950625 -0.00629979 0.310279
    T: -0.333857 -5.12974 -56.0573
  sensor_5:
    width: 752
    height: 480
    D: -0.338422 0.163703 -0.000376267 7.73351e-06 -0.0479871
    K: >
      478.406 0 353.499
      0 481.322 190.225
      0 0 1
    R: >
      0.999995 0.00282205 0.00163291
      -0.00282345 0.999996 0.000852931
      -0.00163049 -0.000857537 0.999998
    T: -0.903588 -126.851 -56.6256
  sensor_6:
    width: 752
    height: 480
    D: -0.340676 0.165511 -0.00035978 0.000181532 -0.0493721
    K: >
      480.459 0 362.503
      0 482.924 197.949
      0 0 1
    R: >
      0.308288 -0.0110391 -0.951229
      -0.000933102 0.999929 -0.0119067
      0.951293 0.00455829 0.308256
    T: 1.74525 -127.214 -51.7722
  sensor_7:
    width: 752
    height: 480
    D: -0.344379 0.170343 -0.000137847 0.000141047 -0.0510536
    K: >
      486.491 0 361.559
      0 489.22 210.547
      0 0 1
    R: >
      -0.808201 0.0313998 -0.588068
      0.026057 0.999506 0.0175574
      0.588329 -0.00113337 -0.808621
    T: -2.56535 -129.191 -47.5803
  sensor_8:
    width: 752
    height: 480
    D: -0.331228 0.144696 0.000117553 0.000566449 -0.0343506
    K: >
      476.708 0 354.16
      0 479.424 209.383
      0 0 1
    R: >
      -0.807384 -0.00296577 0.590019
      -0.0122001 0.999857 -0.0116688
      -0.589901 -0.0166195 -0.807305
    T: 3.39727 -129.381 -45.2409
  sensor_9:
    width: 752
    height: 480
    D: -0.345189 0.180808 0.000276465 0.000131868 -0.062103
    K: >
      484.219 0 345.303
      0 487.312 192.371
      0 0 1
    R: >
      0.308505 0.00370159 0.951215
      -0.00403535 0.999988 -0.00258261
      -0.951214 -0.00304174 0.308517
    T: 0.354966 -128.218 -54.0617

